5.77918168081695
5.17936131687996
4.99937029798473
5.17339748889028
5.55329442692458
3.27899281732756
6.5916355357129
4.93885681986219
3.5412441419014
7.03607164617202
4.70679930896155
3.57718686110095
5.38655423592106
6.40560846146606
5.4603937567045
4.08727512159862
5.96364272996058
4.85681449253093
4.58398130513112
4.4892599896976
5.75131280508529
3.5135434978023
4.49433959203156
5.50639515816848
5.26791809511722
5.78561446751247
4.92629083838589
4.3710833768691
5.57141737917155
8.13305882468865
